 0  2  3  4  5  0  7  8  9 10 11 12  0  0 15 16 
 0  6  7  0  9  0 11  0 13 14 15 16  1  2  3  4 
 9 10 11 12 13 14 15 16  1  2  3  4  0  6  7  8 
13 14 15 16  0  2  0  4  0  6  7  8  9 10  0 12 
 0  3  4  5  0  7  8  0  0 11 12 13 14  0 16  1 
 0  0  8  0  0 11  0 13 14 15 16  1  2  3  0  5 
10  0 12 13 14 15 16  1  2  3  4  5  6  7  8  9 
14 15 16  1  2  0  4  5  6  7  0  9 10  0 12 13 
 3  0  5  6  7  8  0  0 11 12 13 14 15 16  1  0 
 7  8  9 10 11 12 13 14 15 16  1  2  3  4  5  6 
11 12 13 14 15 16  1  2  3  4  5  6  7  8  9 10 
 0 16  1  2  3  4  5  6  7  8  9  0  0 12 13  0 
 4  5  0  0  8  9 10 11 12  0 14  0 16  1  2  3 
 8  9 10 11 12 13 14 15 16  0  2  3  4  5  0  0 
 0 13 14 15 16  1  2  3  0  5  6  7  8  9  0 11 
16  1  2  3  4  5  6  7  8  9 10 11 12 13 14 15 
